13.5724
16.243
8.85226
6.93119
6.93219
13.6604
6.93921
8.85527
16.304
13.6434
6.95726
8.86228
16.305
13.6775
6.95826
8.8773
16.281
13.6594
6.96428
8.8773
16.284
13.6644
8.88832
16.289
6.98834
13.6614
6.95525
8.8723
16.332
13.6675
6.95325
8.8733
16.327
13.6634
16.3
8.86829
6.96027
13.5724
16.243
8.85226
6.93119
6.93219
13.6604
6.93921
8.85527
16.304
13.6434
6.95726
8.86228
16.305
13.6775
6.95826
8.8773
16.281
13.6594
6.96428
8.8773
16.284
13.6644
8.88832
16.289
6.98834
13.6614
6.95525
8.8723
16.332
13.6675
6.95325
8.8733
16.327
13.6634
16.3
8.86829
6.96027
16.222
8.83524
8.83524
16.222
8.83524
8.91336
16.222
8.83524
16.222
8.83524
8.91336
16.222
8.83524
8.92839
16.222
8.83524
8.92839
16.222
8.83524
8.92839
16.277
8.85126
8.9324
16.282
8.85126
8.9324
16.282
8.85126
8.9324
16.282
8.85126
8.9324
16.282
8.85126
7.27608
16.282
8.85126
7.27808
16.282
8.85126
7.27808
16.282
8.85126
7.27808
16.282
8.85126
7.27808
16.282
8.85126
7.27808
8.88532
8.88532
16.282
8.85126
7.27808
16.282
8.85126
7.27808
16.282
8.85126
7.27808
8.97747
8.97747
16.282
8.85126
7.27808
8.84024
8.83524
16.282
8.85126
7.27808
8.84225
8.83524
16.282
8.85126
7.27808
8.98148
8.98448
16.282
8.85126
7.27808
8.9334
8.9344
16.282
8.85126
7.27808
8.84225
8.83123
16.282
8.85126
7.27808
8.84225
8.83123
16.282
8.85126
7.27808
8.84225
8.83123
16.282
8.85126
7.27808
8.84024
8.83123
16.282
8.85126
7.27808
8.84225
8.83123
16.282
8.85126
7.27808
8.84225
8.83123
