  3378 15 3 -1237 -70.7 1206    0
  3379 15 0 -1237 -70.7 1206    0
  3382 15 3 -1237 -70.7 1206    0
  3383 15 0 -1237 -70.7 1206    0
  3385  8 3 -1237 -70.7 1206    0
  3386  8 0 -1237 -70.7 1206    0
  3388  8 3 -1237 -70.7 1206    0
  3389  8 0 -1237 -70.7 1206    0
  3391  8 3 -1237 -70.7 1206    0
  3392  8 0 -1237 -70.7 1206    0
  3887 15 3 -1237 -70.7 1228    0
  3890 15 3 -1237 -70.7 1228    0
  3892 15 0 -1237 -70.7 1228    0
  3897  8 3 -1237 -70.7 1228    0
  3899  6 3 -1237 -70.7 1228    0
  3901  5 3 -1237 -70.7 1228    0
  3905 10 3 -1237 -70.7 1228    0
  3907 12 3 -1237 -70.7 1228    0
  3928 15 3 -1237 -70.7   27    0
  3929 15 0 -1237 -70.7   27    0
  3931  7 0 -1237 -70.7   27    0
  3933 10 0 -1237 -70.7   27    0
  3936  5 0 -1237 -70.7   27    0
  3939  8 0 -1237 -70.7   27    0
  4119 15 0 -1237 -70.7 1228 4114
  4120 15 0 -1237 -70.7 1228 4114
  4121 15 0 -1237 -70.7 1228 4114
  4122 15 0 -1237 -70.7 1228 4114
  4123 15 0 -1237 -70.7 1228 4114
  4124 15 0 -1237 -70.7 1228 4114
  4125 15 0 -1237 -70.7 1228 4114
  4118 15 0 -1237 -70.7 1228 4114
  4148 12 0 -1237 -70.7 1228 4142
  4146 10 0 -1237 -70.7 1228 4142
  4144  8 0 -1237 -70.7 1228 4142
  4150  6 0 -1237 -70.7 1228 4142
  4131  5 0 -1237 -70.7 1228 4126
  4152  4 0 -1237 -70.7 1228 4142
  4308 15 0 -1237 -70.7   27 4306
  4310 12 0 -1237 -70.7   27 4306
  4312 10 0 -1237 -70.7   27 4306
  4314  8 0 -1237 -70.7   27 4306
  4317  6 0 -1237 -70.7   27 4306
  4319  5 0 -1237 -70.7   27 4306
  4321  4 0 -1237 -70.7   27 4306
  4422 15 0 -388.9 -70.7 1228 4421
  4424 12 0 -388.9 -70.7 1228 4421
  4426 10 0 -388.9 -70.7 1228 4421
  4428  8 0 -388.9 -70.7 1228 4421
  4431  6 0 -388.9 -70.7 1228 4421
  4435  5 0 -388.9 -70.7 1228 4434
  4437  4 0 -388.9 -70.7 1228 4434
  4445 15 0 -388.9 -70.7   27 4444
  4448 12 0 -388.9 -70.7   27 4444
  4455 10 0 -388.9 -70.7   27 4444
  4458  8 0 -388.9 -70.7   27 4444
  4464  6 0 -388.9 -70.7   27 4462
  4468  5 0 -388.9 -70.7   27 4462
  4471  4 0 -388.9 -70.7   27 4462
  4446 15 1 -388.9 -70.7   27 4443
  4449 12 1 -388.9 -70.7   27 4443
  4450  0 2 -388.9 -70.7   27 4443
  4453 10 1 -388.9 -70.7   27 4444
  4457  8 1 -388.9 -70.7   27 4462
  4463  6 1 -388.9 -70.7   27 4462
  4467  5 1 -388.9 -70.7   27 4462
  4470  4 1 -388.9 -70.7   27 4462
  4472 10 1 -388.9 -70.7   27 4462
  4473  8 1 -388.9 -70.7   27 4462
  4640 15 0 -388.9 -70.7   27 4638
  4642 15 1 -388.9 -70.7   27 4638
  4646 15 1 -388.9 -70.7   27 4638
  4647 15 1 -388.9 -70.7   27 4638
  4652 12 0 -388.9 -70.7   27 4649
  4653 12 1 -388.9 -70.7   27 4649
  4658 10 0 -388.9 -70.7   27 4664
  4659 10 1 -388.9 -70.7   27 4664
  4661  8 0 -388.9 -70.7   27 4664
  4662  8 1 -388.9 -70.7   27 4664
  4675  6 0 -388.9 -70.7   27 4664
  4676  6 1 -388.9 -70.7   27 4664
  4679  5 0 -388.9 -70.7   27 4664
  4680  5 1 -388.9 -70.7   27 4664
  4682  4 0 -388.9 -70.7   27 4664
  4708 15 0 -388.9 -70.7 1228 4704
  4711 12 0 -388.9 -70.7 1228 4704
  4714 10 0 -388.9 -70.7 1228 4704
  4718  6 0 -388.9 -70.7 1228 4704
  4722  5 0 -388.9 -70.7 1228 4704
  4726  4 0 -388.9 -70.7 1228 4704
  4730  8 0 -388.9 -70.7 1228 4704
  4735 15 0 -388.9 -70.7 1228 4704
  4709 15 1 -388.9 -70.7 1228 4704
  4712 12 1 -388.9 -70.7 1228 4704
  4715 10 1 -388.9 -70.7 1228 4704
  4719  6 1 -388.9 -70.7 1228 4704
  4723  5 1 -388.9 -70.7 1228 4704
  4727  4 1 -388.9 -70.7 1228 4724
  4731  8 1 -388.9 -70.7 1228 4724
  4736 15 1 -388.9 -70.7 1228 4724
  4798 15 0 -813.1 -70.7   27 4796
  4800 15 1 -813.1 -70.7   27 4796
  4803 12 0 -813.1 -70.7   27 4796
  4804 12 1 -813.1 -70.7   27 4796
  4806 10 0 -813.1 -70.7   27 4796
  4807 10 1 -813.1 -70.7   27 4796
  4808 10 1 -813.1 -70.7   27 4796
  4811  8 0 -813.1 -70.7   27 4796
  4812  8 1 -813.1 -70.7   27 4796
  4814  6 0 -813.1 -70.7   27 4796
  4815  6 1 -813.1 -70.7   27 4796
  4816  6 1 -813.1 -70.7   27 4796
  4818  5 0 -813.1 -70.7   27 4796
  4819  5 1 -813.1 -70.7   27 4796
  4824  4 0 -813.1 -70.7   27 4796
  4825  4 1 -813.1 -70.7   27 4796
  4826  4 1 -813.1 -70.7   27 4796
  4838 15 0 -813.1 -70.7 1228 4837
  4839 15 1 -813.1 -70.7 1228 4837
  4841 12 0 -813.1 -70.7 1228 4837
  4842 12 1 -813.1 -70.7 1228 4837
  4844 10 0 -813.1 -70.7 1228 4837
  4846 10 1 -813.1 -70.7 1228 4837
  4847 10 1 -813.1 -70.7 1228 4837
  4849  8 0 -813.1 -70.7 1228 4837
  4850  8 1 -813.1 -70.7 1228 4837
  4852  6 0 -813.1 -70.7 1228 4837
  4853  6 1 -813.1 -70.7 1228 4837
  4854  6 1 -813.1 -70.7 1228 4837
  4859  5 0 -813.1 -70.7 1228 4796
  4860  5 1 -813.1 -70.7 1228 4796
  4861  0 2 -813.1 -70.7 1228 4796
  4875 15 0 -1237 -70.7   27 4872
  4876 15 1 -1237 -70.7   27 4872
  4877 15 1 -1237 -70.7   27 4872
  4879 12 0 -1237 -70.7   27 4872
  4880 12 1 -1237 -70.7   27 4872
  4881 12 1 -1237 -70.7   27 4872
  4882 12 1 -1237 -70.7   27 4872
  4884 10 0 -1237 -70.7   27 4872
  4885 10 1 -1237 -70.7   27 4872
  4887  8 0 -1237 -70.7   27 4872
  4888  8 1 -1237 -70.7   27 4872
  4889  8 1 -1237 -70.7   27 4872
  4891  6 0 -1237 -70.7   27 4872
  4892  6 1 -1237 -70.7   27 4872
  4893  6 1 -1237 -70.7   27 4872
  4895  5 0 -1237 -70.7   27 4872
  4896  5 1 -1237 -70.7   27 4872
  4897  0 2 -1237 -70.7   27 4872
  4903  4 0 -1237 -70.7   27 4872
  4904  4 1 -1237 -70.7   27 4872
  4905  4 1 -1237 -70.7   27 4872
  4906  4 1 -1237 -70.7   27 4872
  4914 15 0 -1237 -70.7 1228 4911
  4915 15 1 -1237 -70.7 1228 4911
  4916 15 1 -1237 -70.7 1228 4911
  4923 12 0 -1237 -70.7 1228 4911
  4924 12 1 -1237 -70.7 1228 4911
  4925 12 1 -1237 -70.7 1228 4911
  4931 10 0 -1237 -70.7 1228 4911
  4933 10 0 -1237 -70.7 1228 4911
  4934 10 1 -1237 -70.7 1228 4911
  4935 10 1 -1237 -70.7 1228 4911
  4937  8 0 -1237 -70.7 1228 4911
  4938  8 1 -1237 -70.7 1228 4911
  4939  8 1 -1237 -70.7 1228 4911
  4941  6 0 -1237 -70.7 1228 4911
  4942  6 0 -1237 -70.7 1228 4911
  4943  6 1 -1237 -70.7 1228 4911
  4944  0 2 -1237 -70.7 1228 4911
  4953  5 0 -1237 -70.7 1228 4911
  4954  5 1 -1237 -70.7 1228 4911
  4956  4 0 -1237 -70.7 1228 4911
  4958  4 1 -1237 -70.7 1228 4911
  4959  4 1 -1237 -70.7 1228 4911
  4960  4 1 -1237 -70.7 1228 4911
  4987 15 0 -1237 -70.7 1228 4966
  4989 15 1 -1237 -70.7 1228 4966
  4990 15 1 -1237 -70.7 1228 4966
  4992 12 0 -1237 -70.7 1228 4966
  4994 10 0 -1237 -70.7 1228 4966
  4995 10 1 -1237 -70.7 1228 4966
  4997  8 0 -1237 -70.7 1228 4966
  4998  8 0 -1237 -70.7 1228 4966
  4999  8 1 -1237 -70.7 1228 4966
  5000  8 1 -1237 -70.7 1228 4966
  5004  6 0 -1237 -70.7 1228 4966
  5005  6 1 -1237 -70.7 1228 4966
  5008  5 0 -1237 -70.7 1228 4966
  5009  5 1 -1237 -70.7 1228 4966
  5011  0 2 -1237 -70.7 1228 4966
  5021 15 0 -1237 -70.7   27 5018
  5022 15 1 -1237 -70.7   27 5018
  5023 15 1 -1237 -70.7   27 5018
  5026 12 0 -1237 -70.7   27 5018
  5027 12 1 -1237 -70.7   27 5018
  5028 12 1 -1237 -70.7   27 5018
  5030 10 0 -1237 -70.7   27 5018
  5033 10 1 -1237 -70.7   27 5018
  5034 10 1 -1237 -70.7   27 5018
  5035 10 1 -1237 -70.7   27 5018
  5037  8 0 -1237 -70.7   27 5018
  5038  8 1 -1237 -70.7   27 5018
  5039  8 1 -1237 -70.7   27 5018
  5042  6 0 -1237 -70.7   27 5018
  5043  6 1 -1237 -70.7   27 5018
  5045  5 0 -1237 -70.7   27 5018
  5046  5 1 -1237 -70.7   27 5018
  5047  0 2 -1237 -70.7   27 5018
  5064 15 0 -388.9 -70.7   27 5061
  5065 15 1 -388.9 -70.7   27 5061
  5066 15 1 -388.9 -70.7   27 5061
  5068 12 0 -388.9 -70.7   27 5061
  5069 12 1 -388.9 -70.7   27 5061
  5070 12 1 -388.9 -70.7   27 5061
  5078 10 0 -388.9 -70.7   27 5061
  5079 10 1 -388.9 -70.7   27 5061
  5081  8 0 -388.9 -70.7   27 5061
  5082  8 1 -388.9 -70.7   27 5061
  5084  6 0 -388.9 -70.7   27 5061
  5085  6 1 -388.9 -70.7   27 5061
  5086  6 1 -388.9 -70.7   27 5061
  5088  5 0 -388.9 -70.7   27 5061
  5089  5 1 -388.9 -70.7   27 5061
  5090  0 2 -388.9 -70.7   27 5061
  5093 15 0 -388.9 -70.7 1228 5091
  5094 15 1 -388.9 -70.7 1228 5091
  5095 15 1 -388.9 -70.7 1228 5091
  5097 12 0 -388.9 -70.7 1228 5091
  5098 12 1 -388.9 -70.7 1228 5091
  5100 10 0 -388.9 -70.7 1228 5091
  5101 10 1 -388.9 -70.7 1228 5091
  5103  8 0 -388.9 -70.7 1228 5091
  5104  8 1 -388.9 -70.7 1228 5091
  5105  8 1 -388.9 -70.7 1228 5091
  5107  6 0 -388.9 -70.7 1228 5091
  5108  6 1 -388.9 -70.7 1228 5091
  5109  6 1 -388.9 -70.7 1228 5091
  5110  5 0 -388.9 -70.7 1228 5091
  5111  5 1 -388.9 -70.7 1228 5091
  5113  4 0 -388.9 -70.7 1228 5091
  5114  4 1 -388.9 -70.7 1228 5091
  5115  0 2 -388.9 -70.7 1228 5091
  5240 15 0 -388.9 -70.7   27 5234
  5242 15 1 -388.9 -70.7   27 5234
  5243 15 1 -388.9 -70.7   27 5234
  5245 12 0 -388.9 -70.7   27 5234
  5247 12 1 -388.9 -70.7   27 5234
  5248 12 1 -388.9 -70.7   27 5234
  5249 12 1 -388.9 -70.7   27 5234
  5252 10 0 -388.9 -70.7   27 5234
  5253 10 0 -388.9 -70.7   27 5234
  5254 10 1 -388.9 -70.7   27 5234
  5259  8 0 -388.9 -70.7   27 5234
  5260  8 1 -388.9 -70.7   27 5234
  5262  6 0 -388.9 -70.7   27 5234
  5263  6 1 -388.9 -70.7   27 5234
  5265  5 0 -388.9 -70.7   27 5234
  5266  5 1 -388.9 -70.7   27 5234
  5267  0 2 -388.9 -70.7   27 5234
  5276 15 0 -388.9 -70.7 -1173 5273
  5277 15 1 -388.9 -70.7 -1173 5273
  5278 15 1 -388.9 -70.7 -1173 5273
  5283 15 0 -388.9 -70.7 -1173 5273
  5284 15 1 -388.9 -70.7 -1173 5273
  5285 15 1 -388.9 -70.7 -1173 5273
  5286  0 2 -388.9 -70.7 -1173 5273
  5290 12 0 -388.9 -70.7 -1173 5273
  5291 12 1 -388.9 -70.7 -1173 5273
  5292 12 0 -388.9 -70.7 -1173 5273
  5296 10 0 -388.9 -70.7 -1173 5273
  5297 10 1 -388.9 -70.7 -1173 5273
  5299  8 1 -388.9 -70.7 -1173 5273
  5300  8 1 -388.9 -70.7 -1173 5273
  5301  8 0 -388.9 -70.7 -1173 5273
  5304  6 1 -388.9 -70.7 -1173 5273
  5305  6 1 -388.9 -70.7 -1173 5273
  5306  6 0 -388.9 -70.7 -1173 5273
  5308  6 1 -388.9 -70.7 -1173 5273
  5309  6 1 -388.9 -70.7 -1173 5273
  5310  0 2 -388.9 -70.7 -1173 5273
  5311  5 0 -388.9 -70.7 -1173 5273
  5312  5 0 -388.9 -70.7 -1173 5273
  5313  5 1 -388.9 -70.7 -1173 5273
  5314  5 1 -388.9 -70.7 -1173 5273
  5315  0 2 -388.9 -70.7 -1173 5273
  5471  15 0 -1237 -70.7 -1173 5470
  5472  15 1 -1237 -70.7 -1173 5470
  5473  15 1 -1237 -70.7 -1173 5470
  5474  0 2 -1237 -70.7 -1173 5470
  5476  12 0 -1237 -70.7 -1173 5470
  5477  12 1 -1237 -70.7 -1173 5470
  5479  10 0 -1237 -70.7 -1173 5470
  5480  10 1 -1237 -70.7 -1173 5470
  5481  0 2 -1237 -70.7 -1173 5470
  5483  8 0 -1237 -70.7 -1173 5470
  5484  8 1 -1237 -70.7 -1173 5470
  5488  6 0 -1237 -70.7 -1173 5470
  5489  6 1 -1237 -70.7 -1173 5470
  5497  5 0 -1237 -70.7 -1173 5470
  5498  5 1 -1237 -70.7 -1173 5470
  5502  4 0 -1237 -70.7 -1173 5470
  5503  4 1 -1237 -70.7 -1173 5470
  5504  4 1 -1237 -70.7 -1173 5470
  5505  4 1 -1237 -70.7 -1173 5470
  5506  0 2 -1237 -70.7 -1173 5470
  6325 15 0 -388.9 -70.7 1197 6300
  6326 15 1 -388.9 -70.7 1197 6300
  6327 15 1 -388.9 -70.7 1197 6300
  6328 15 1 -388.9 -70.7 1197 6300
  6329  0 2 -388.9 -70.7 1197 6300
  6333 12 0 -388.9 -70.7 1197 6300
  6334 12 1 -388.9 -70.7 1197 6300
  6335 12 1 -388.9 -70.7 1197 6300
  6337 10 0 -388.9 -70.7 1197 6300
  6338 10 0 -388.9 -70.7 1197 6300
  6339 10 1 -388.9 -70.7 1197 6300
  6340 10 1 -388.9 -70.7 1197 6300
  6341 10 1 -388.9 -70.7 1197 6300
  6343  8 0 -388.9 -70.7 1197 6300
  6344  8 1 -388.9 -70.7 1197 6300
  6345  8 1 -388.9 -70.7 1197 6300
  6348  6 0 -388.9 -70.7 1197 6300
  6349  6 1 -388.9 -70.7 1197 6300
  6350  6 1 -388.9 -70.7 1197 6300
  6356  5 0 -388.9 -70.7 1197 6300
  6357  5 1 -388.9 -70.7 1197 6300
  6358  5 1 -388.9 -70.7 1197 6300
  6360  4 0 -388.9 -70.7 1197 6300
  6361  4 1 -388.9 -70.7 1197 6300
  6362  4 1 -388.9 -70.7 1197 6300
  6363  4 1 -388.9 -70.7 1197 6300
  6364  0 2 -388.9 -70.7 1197 6300
  6371 15 0 -388.9 -70.7 -6 6369
  6372 15 1 -388.9 -70.7 -6 6369
  6373 15 1 -388.9 -70.7 -6 6369
  6375 12 0 -388.9 -70.7 -6 6369
  6376 12 1 -388.9 -70.7 -6 6369
  6377 12 1 -388.9 -70.7 -6 6369
  6379 10 0 -388.9 -70.7 -6 6369
  6380 10 1 -388.9 -70.7 -6 6369
  6381 10 1 -388.9 -70.7 -6 6369
  6382  0 2 -388.9 -70.7 -6 6369
  6386  8 0 -388.9 -70.7 -6 6369
  6387  8 1 -388.9 -70.7 -6 6369
  6388  8 1 -388.9 -70.7 -6 6369
  6391  6 0 -388.9 -70.7 -6 6369
  6392  6 1 -388.9 -70.7 -6 6369
  6393  6 1 -388.9 -70.7 -6 6369
  6395  5 0 -388.9 -70.7 -6 6369
  6396  5 1 -388.9 -70.7 -6 6369
  6397  5 1 -388.9 -70.7 -6 6369
  6399  4 0 -388.9 -70.7 -6 6369
  6401  4 1 -388.9 -70.7 -6 6369
  6402  4 1 -388.9 -70.7 -6 6369
  6403  4 1 -388.9 -70.7 -6 6369
  6404  0 2 -388.9 -70.7 -6 6369
  6408 15 0 -388.9 -70.7 -1209 6407
  6409 15 1 -388.9 -70.7 -1209 6407
  6410 15 1 -388.9 -70.7 -1209 6407
  6412 12 0 -388.9 -70.7 -1209 6407
  6414 12 1 -388.9 -70.7 -1209 6407
  6415 12 1 -388.9 -70.7 -1209 6407
  6416  0 2 -388.9 -70.7 -1209 6407
  6418 12 0 -388.9 -70.7 -1209 6407
  6419 12 1 -388.9 -70.7 -1209 6407
  6421 10 0 -388.9 -70.7 -1209 6407
  6422 10 1 -388.9 -70.7 -1209 6407
  6423 10 1 -388.9 -70.7 -1209 6407
  6424  0 2 -388.9 -70.7 -1209 6407
  6430  8 0 -388.9 -70.7 -1209 6407
  6431  8 1 -388.9 -70.7 -1209 6407
  6432  8 1 -388.9 -70.7 -1209 6407
  6433  0 2 -388.9 -70.7 -1209 6407
  6438  6 0 -388.9 -70.7 -1209 6407
  6439  6 1 -388.9 -70.7 -1209 6407
  6440  6 1 -388.9 -70.7 -1209 6407
  6441  6 1 -388.9 -70.7 -1209 6407
  6448  5 0 -388.9 -70.7 -1209 6407
  6449  5 1 -388.9 -70.7 -1209 6407
  6450  5 1 -388.9 -70.7 -1209 6407
  6453  4 1 -388.9 -70.7 -1209 6407
  6454  4 1 -388.9 -70.7 -1209 6407
  6455  4 1 -388.9 -70.7 -1209 6407
  6456  0 2 -388.9 -70.7 -1209 6407
  6457  4 0 -388.9 -70.7 -1209 6407
  6605 15 0 -388.9 -70.7 1197 6603
  6606 15 1 -388.9 -70.7 1197 6603
  6607 15 1 -388.9 -70.7 1197 6603
  6609 10 0 -388.9 -70.7 1197 6603
  6610 10 1 -388.9 -70.7 1197 6603
  6611 10 1 -388.9 -70.7 1197 6603
  6613  6 0 -388.9 -70.7 1197 6603
  6614  6 1 -388.9 -70.7 1197 6603
  6616  4 0 -388.9 -70.7 1197 6603
  6617  4 1 -388.9 -70.7 1197 6603
  6618  4 1 -388.9 -70.7 1197 6603
  6619  4 1 -388.9 -70.7 1197 6603
  6622  0 2 -388.9 -70.7 1197 6603
  6634 15 0 -388.9 -70.7 -6 6633
  6635 15 0 -388.9 -70.7 -6 6633
  6636 15 1 -388.9 -70.7 -6 6633
  6637 15 1 -388.9 -70.7 -6 6633
  6639 10 0 -388.9 -70.7 -6 6633
  6640 10 1 -388.9 -70.7 -6 6633
  6643  6 0 -388.9 -70.7 -6 6633
  6644  6 1 -388.9 -70.7 -6 6633
  6646  4 0 -388.9 -70.7 -6 6633
  6647  4 1 -388.9 -70.7 -6 6633
  6648  4 1 -388.9 -70.7 -6 6633
  6649  0 2 -388.9 -70.7 -6 6633
  6653 15 0 -388.9 -70.7 -1209 6652
  6654 15 0 -388.9 -70.7 -1209 6652
  6655 15 1 -388.9 -70.7 -1209 6652
  6656 15 1 -388.9 -70.7 -1209 6652
  6660 10 0 -388.9 -70.7 -1209 6652
  6661 10 1 -388.9 -70.7 -1209 6652
  6663  6 0 -388.9 -70.7 -1209 6652
  6664  6 1 -388.9 -70.7 -1209 6652
  6665  6 1 -388.9 -70.7 -1209 6652
  6667  4 0 -388.9 -70.7 -1209 6652
  6668  4 1 -388.9 -70.7 -1209 6652
  6669  4 1 -388.9 -70.7 -1209 6652
  6670  0 2 -388.9 -70.7 -1209 6652
  6676 15 0 -813.1 -70.7 1197 6675
  6677 15 1 -813.1 -70.7 1197 6675
  6678 15 1 -813.1 -70.7 1197 6675
  6683 10 0 -813.1 -70.7 1197 6675
  6684 10 1 -813.1 -70.7 1197 6675
  6686  6 0 -813.1 -70.7 1197 6675
  6687  6 1 -813.1 -70.7 1197 6675
  6689  4 0 -813.1 -70.7 1197 6675
  6690  4 1 -813.1 -70.7 1197 6675
  6691  4 1 -813.1 -70.7 1197 6675
  6692  4 1 -813.1 -70.7 1197 6675
  6693  0 2 -813.1 -70.7 1197 6675
  6729 15 0 -813.1 -70.7 -6 6728
  6730 15 1 -813.1 -70.7 -6 6728
  6731 15 1 -813.1 -70.7 -6 6728
  6733 10 0 -813.1 -70.7 -6 6728
  6734 10 1 -813.1 -70.7 -6 6728
  6736  6 0 -813.1 -70.7 -6 6728
  6737  6 1 -813.1 -70.7 -6 6728
  6738  6 1 -813.1 -70.7 -6 6728
  6740  4 0 -813.1 -70.7 -6 6728
  6741  4 1 -813.1 -70.7 -6 6728
  6742  4 1 -813.1 -70.7 -6 6728
  6743  4 1 -813.1 -70.7 -6 6728
  6745  0 2 -813.1 -70.7 -6 6728
  6750 15 1 -813.1 -70.7 -1209 6747
  6751 15 1 -813.1 -70.7 -1209 6747
  6752 15 0 -813.1 -70.7 -1209 6747
  6754 10 1 -813.1 -70.7 -1209 6747
  6755 10 0 -813.1 -70.7 -1209 6747
  6759  6 1 -813.1 -70.7 -1209 6747
  6760  6 1 -813.1 -70.7 -1209 6747
  6761  6 0 -813.1 -70.7 -1209 6747
  6763  4 1 -813.1 -70.7 -1209 6747
  6764  4 1 -813.1 -70.7 -1209 6747
  6765  4 0 -813.1 -70.7 -1209 6747
  6767  0 2 -813.1 -70.7 -1209 6747
  6771 15 0 -1237 -70.7 1197 6770
  6772 15 1 -1237 -70.7 1197 6770
  6773 15 1 -1237 -70.7 1197 6770
  6775 10 0 -1237 -70.7 1197 6770
  6776 10 1 -1237 -70.7 1197 6770
  6778  6 0 -1237 -70.7 1197 6770
  6779  6 1 -1237 -70.7 1197 6770
  6780  6 1 -1237 -70.7 1197 6770
  6783  4 0 -1237 -70.7 1197 6770
  6784  4 1 -1237 -70.7 1197 6770
  6785  4 1 -1237 -70.7 1197 6770
  6789 15 0 -1237 -70.7 -6 6788
  6790 15 1 -1237 -70.7 -6 6788
  6791 15 1 -1237 -70.7 -6 6788
  6794 10 1 -1237 -70.7 -6 6788
  6795 10 0 -1237 -70.7 -6 6788
  6797  6 0 -1237 -70.7 -6 6788
  6798  6 1 -1237 -70.7 -6 6788
  6799  6 1 -1237 -70.7 -6 6788
  6801  4 1 -1237 -70.7 -6 6788
  6802  4 1 -1237 -70.7 -6 6788
  6803  4 1 -1237 -70.7 -6 6788
  6804  4 0 -1237 -70.7 -6 6788
  6806  0 2 -1237 -70.7 -6 6788
  6814 15 1 -1237 -70.7 -1209 6809
  6815 15 1 -1237 -70.7 -1209 6809
  6816 15 0 -1237 -70.7 -1209 6809
  6818 10 1 -1237 -70.7 -1209 6809
  6821 10 0 -1237 -70.7 -1209 6809
  6823  6 0 -1237 -70.7 -1209 6809
  6824  6 1 -1237 -70.7 -1209 6809
  6825  6 1 -1237 -70.7 -1209 6809
  6826  6 1 -1237 -70.7 -1209 6809
  6828  0 2 -1237 -70.7 -1209 6809
  6830  4 1 -1237 -70.7 -1209 6829
  6831  4 1 -1237 -70.7 -1209 6829
  6832  4 0 -1237 -70.7 -1209 6829
  6833  0 2 -1237 -70.7 -1209 6829
  6916 10 0 -1237 -70.7 1197 6906
  6917 10 1 -1237 -70.7 1197 6906
  6918 10 1 -1237 -70.7 1197 6906
  6919  0 2 -1237 -70.7 1197 6906
  6924 10 0 -1237 -70.7 1197 6923
  6925 10 1 -1237 -70.7 1197 6923
  6927 10 0 -1237 -70.7 1197 6923
  6928 10 0 -1237 -70.7 1197 6923
  6929  0 2 -1237 -70.7 1197 6923
  6933 10 0 -1237 -70.7 1197 6931
  6934 10 1 -1237 -70.7 1197 6931
  6935 10 1 -1237 -70.7 1197 6931
  6936  0 2 -1237 -70.7 1197 6931
  6938 10 0 -1237 -70.7 1197 6931
  6939 10 1 -1237 -70.7 1197 6931
  6940 10 1 -1237 -70.7 1197 6931
  6943 10 0 -1237 -70.7 1197 6942
  6944 10 0 -1237 -70.7 1197 6942
  6945 10 1 -1237 -70.7 1197 6942
  6946 10 1 -1237 -70.7 1197 6942
  6947  0 2 -1237 -70.7 1197 6942
  7213 15 0 -388.9 -70.7 -6 7212
  7214 15 1 -388.9 -70.7 -6 7212
  7215 15 1 -388.9 -70.7 -6 7212
  7216  0 2 -388.9 -70.7 -6 7212
  7219 10 0 -388.9 -70.7 -6 7212
  7220 10 1 -388.9 -70.7 -6 7212
  7222  6 0 -388.9 -70.7 -6 7212
  7223  6 1 -388.9 -70.7 -6 7212
  7225  4 0 -388.9 -70.7 -6 7212
  7226  4 1 -388.9 -70.7 -6 7212
  7227  4 1 -388.9 -70.7 -6 7212
  7515 10 0 -388.9 -70.7 1197 7510
  7516 10 0 -388.9 -70.7 1197 7510 
  7518 10 1 -388.9 -70.7 1197 7510
  7520  6 0 -388.9 -70.7 1197 7510
  7521  6 1 -388.9 -70.7 1197 7510
  7522  6 1 -388.9 -70.7 1197 7510
  7523  0 2 -388.9 -70.7 1197 7510
  7528 10 0 -388.9 -70.7 -6 7526
  7529 10 1 -388.9 -70.7 -6 7526
  7530  0 2 -388.9 -70.7 -6 7526
  7532  6 0 -388.9 -70.7 -6 7526
  7533  6 1 -388.9 -70.7 -6 7526
  7539 10 0 -388.9 -70.7 -1209 7536
  7541 10 0 -388.9 -70.7 -1209 7536
  7542 10 1 -388.9 -70.7 -1209 7536
  7545  6 0 -388.9 -70.7 -1209 7536
  7546  6 1 -388.9 -70.7 -1209 7536
  7547  0 2 -388.9 -70.7 -1209 7536
  7589 10 0 -1237 -70.7 1197 7584
  7590 10 1 -1237 -70.7 1197 7584
  7591  0 2 -1237 -70.7 1197 7584
  7593  6 0 -1237 -70.7 1197 7584
  7594  6 1 -1237 -70.7 1197 7584
  7595  6 1 -1237 -70.7 1197 7584
  7600 10 0 -1237 -70.7 -6 7599
  7601 10 1 -1237 -70.7 -6 7599
  7603  6 0 -1237 -70.7 -6 7599
  7604  6 1 -1237 -70.7 -6 7599
  7605  6 1 -1237 -70.7 -6 7599
  7606 10 1 -1237 -70.7 -6 7599
  7607  0 2 -1237 -70.7 -6 7599
  7613 10 0 -1237 -70.7 -1209 7610
  7614 10 1 -1237 -70.7 -1209 7610
  7615  0 2 -1237 -70.7 -1209 7610
  7617  6 0 -1237 -70.7 -1209 7610
  7618  6 1 -1237 -70.7 -1209 7610
  7712 10 0 -1237 -70.7 1197 7711
  7713 10 1 -1237 -70.7 1197 7711
  7714  0 2 -1237 -70.7 1197 7711
  8572 15 0 -1237 -70.7 1197 8560
  8573 15 1 -1237 -70.7 1197 8560
  8574 15 1 -1237 -70.7 1197 8560
  8575  0 2 -1237 -70.7 1197 8560
  8581 15 0 -1237 -70.7 1197 8577
  8582 15 1 -1237 -70.7 1197 8577
  8583 15 1 -1237 -70.7 1197 8577
  8584 15 1 -1237 -70.7 1197 8577
  8585  0 2 -1237 -70.7 1197 8577
  8588 15 0 -1237 -70.7 1197 8587
  8589 15 1 -1237 -70.7 1197 8587
  8590 15 1 -1237 -70.7 1197 8587
  8591  0 2 -1237 -70.7 1197 8587
  8595 15 0 -1237 -70.7 1197 8593
  8596 15 1 -1237 -70.7 1197 8593
  8597 15 1 -1237 -70.7 1197 8593
  8598 15 1 -1237 -70.7 1197 8593
  8599  0 2 -1237 -70.7 1197 8593
  8623 15 0 -388.9 -70.7 1197 8618
  8624 15 1 -388.9 -70.7 1197 8618
  8625 15 1 -388.9 -70.7 1197 8618
  8626  0 2 -388.9 -70.7 1197 8618
  8630 15 0 -388.9 -70.7 1197 8629
  8631 15 1 -388.9 -70.7 1197 8629
  8632 15 1 -388.9 -70.7 1197 8629
  8633 15 1 -388.9 -70.7 1197 8629
  8634 15 1 -388.9 -70.7 1197 8629
  8635  0 2 -388.9 -70.7 1197 8629
  8638 15 0 -388.9 -70.7 1197 8637
  8639 15 1 -388.9 -70.7 1197 8637
  8640 15 1 -388.9 -70.7 1197 8637
  8643  0 2 -388.9 -70.7 1197 8637
  8648 15 0 -388.9 -70.7 1197 8647
  8649 15 1 -388.9 -70.7 1197 8647
  8650 15 1 -388.9 -70.7 1197 8647
  8651  0 2 -388.9 -70.7 1197 8647
22034  12 0 -1237 -70.7 1197 22023
22035  12 1 -1237 -70.7 1197 22023
22036  12 2 -1237 -70.7 1197 22023
22038   8 0 -1237 -70.7 1197 22023
22039   8 1 -1237 -70.7 1197 22023
22043   6 0 -1237 -70.7 1197 22023
22044   6 1 -1237 -70.7 1197 22023
22069   5 0 -1237 -70.7 1197 22068
22070   5 1 -1237 -70.7 1197 22068
22073   5 2 -1237 -70.7 1197 22068
22079  12 0 -1237 -70.7 -6   22078
22080  12 1 -1237 -70.7 -6   22078
22082  12 2 -1237 -70.7 -6   22078
22084   8 0 -1237 -70.7 -6   22078
22085   8 1 -1237 -70.7 -6   22078
22087   6 0 -1237 -70.7 -6   22078
22088   6 1 -1237 -70.7 -6   22078
22090   5 0 -1237 -70.7 -6   22078
22091   5 1 -1237 -70.7 -6   22078
22094   4 0 -1237 -70.7 -6   22093
22095   4 1 -1237 -70.7 -6   22093
22096   4 1 -1237 -70.7 -6   22093
22097   4 2 -1237 -70.7 -6   22093
22101  15 0 -1237 -70.7 -6   22093
22108  12 0 -1237 -70.7 -1209  22103  
22109  12 1 -1237 -70.7 -1209  22103  
22110  12 2 -1237 -70.7 -1209  22103  
22113   8 0 -1237 -70.7 -1209  22103  
22114   8 1 -1237 -70.7 -1209  22103  
22118   6 0 -1237 -70.7 -1209  22103  
22120   6 1 -1237 -70.7 -1209  22103  
22123   5 0 -1237 -70.7 -1209  22121
22124   5 1 -1237 -70.7 -1209  22121
22126   5 2 -1237 -70.7 -1209  22121
22128   4 0 -1237 -70.7 -1209  22121
22130   4 1 -1237 -70.7 -1209  22121
22134  12 0 -388.9 -70.7 1197  22133  
22135  12 1 -388.9 -70.7 1197  22133  
22136  12 2 -388.9 -70.7 1197  22133  
22138   8 0 -388.9 -70.7 1197  22133
22139   8 1 -388.9 -70.7 1197  22133
22141   6 0 -388.9 -70.7 1197  22133
22142   6 1 -388.9 -70.7 1197  22133
22144   4 0 -388.9 -70.7 1197  22133
22145   4 1 -388.9 -70.7 1197  22133
22152   5 0 -388.9 -70.7 1197  22150
22154   5 1 -388.9 -70.7 1197  22150
22155   5 2 -388.9 -70.7 1197  22150
22159  12 0 -388.9 -70.7 -6  22157
22160  12 1 -388.9 -70.7 -6  22157
22161  12 2 -388.9 -70.7 -6  22157
22164   8 0 -388.9 -70.7 -6  22157
22165   8 1 -388.9 -70.7 -6  22157
22168   6 0 -388.9 -70.7 -6  22157
22169   6 1 -388.9 -70.7 -6  22157
22174   5 0 -388.9 -70.7 -6  22172
22175   5 1 -388.9 -70.7 -6  22172
22176   5 2 -388.9 -70.7 -6  22172
22180  12 0 -388.9 -70.7 -1209  22178
22181  12 1 -388.9 -70.7 -1209  22178
22182  12 2 -388.9 -70.7 -1209  22178
22184   8 0 -388.9 -70.7 -1209  22178
22185  	8 1 -388.9 -70.7 -1209  22178
22187   6 0 -388.9 -70.7 -1209  22178
22188   6 1 -388.9 -70.7 -1209  22178
22190   5 0 -388.9 -70.7 -1209  22178
22191   5 1 -388.9 -70.7 -1209  22178
25535  12 0 -388.9 -70.7 1197  25528
25536  12 1 -388.9 -70.7 1197  25528
25537  12 2 -388.9 -70.7 1197  25528
25543  8 0 -388.9 -70.7 1197  25528
25544  8 1 -388.9 -70.7 1197  25528
31071 12 0 -388.9 -70.7 1197 31067
31073 12 1 -388.9 -70.7 1197 31067
31074 12 1 -388.9 -70.7 1197 31067
31075 12 2 -388.9 -70.7 1197 31067
31077 8 0 -388.9 -70.7 1197 31067
31078 8 1 -388.9 -70.7 1197 31067
31079 8 1 -388.9 -70.7 1197 31067
31082 4 0 -388.9 -70.7 1197 31080
31083 4 1 -388.9 -70.7 1197 31080
31084 4 1 -388.9 -70.7 1197 31080
31085 4 2 -388.9 -70.7 1197 31080
31092 12 0 -388.9 -70.7 -6 31090
31093 12 1 -388.9 -70.7 -6 31090
31094 12 1 -388.9 -70.7 -6 31090
31095 12 2 -388.9 -70.7 -6 31090
31098 8 0 -388.9 -70.7 -6 31090
31099 8 1 -388.9 -70.7 -6 31090
31100 8 1 -388.9 -70.7 -6 31090
31105 4 0 -388.9 -70.7 -6 31090
31106 4 1 -388.9 -70.7 -6 31090
31107 4 1 -388.9 -70.7 -6 31090
31113 12 0 -388.9 -70.7 -1209 31110
31114 12 1 -388.9 -70.7 -1209 31110
31115 12 1 -388.9 -70.7 -1209 31110
31116 12 2 -388.9 -70.7 -1209 31110
31120 8 0 -388.9 -70.7 -1209 31110
31121 8 1 -388.9 -70.7 -1209 31110
31122 8 1 -388.9 -70.7 -1209 31110
31128 4 0 -388.9 -70.7 -1209 31125
31129 4 1 -388.9 -70.7 -1209 31125
31130 4 1 -388.9 -70.7 -1209 31125
31131 4 1 -388.9 -70.7 -1209 31125
32170 12 0 -1237 -70.7 1197 32166
32172 12 0 -1237 -70.7 1197 32166
32173 12 1 -1237 -70.7 1197 32166
32174 12 1 -1237 -70.7 1197 32166
32175 12 2 -1237 -70.7 1197 32166
32177 4 0 -1237 -70.7 1197 32166
32178 4 1 -1237 -70.7 1197 32166
32179 4 1 -1237 -70.7 1197 32166
32181 12 0 -1237 -70.7 1197 32180
32182 12 1 -1237 -70.7 1197 32180
32183 12 1 -1237 -70.7 1197 32180
32185 12 2 -1237 -70.7 1197 32180
32187 8 0 -1237 -70.7 1197 32180
32189 8 1 -1237 -70.7 1197 32180
32190 8 1 -1237 -70.7 1197 32180
32192 3 0 -1237 -70.7 1197 32180
32199 8 0 -1237 -70.7 -6 32197
32201 4 0 -1237 -70.7 -6 32197
32203 3 0 -1237 -70.7 -6 32197
32208 8 0 -1237 -70.7 -1209 32207
32210 3 0 -1237 -70.7 -1209 32207
32212 4 0 -1237 -70.7 -1209 32207
32215 4 0 -1237 -70.7 1598 32214
32217 3 0 -1237 -70.7 1598 32214
32219 8 0 -1237 -70.7 1598 32214
32220 8 0 -1237 -70.7 1598 32214
32223 8 0 -388.9 -70.7 1598 32222
32225 3 0 -388.9 -70.7 1598 32222
32227 4 0 -388.9 -70.7 1598 32222
32230 8 0 -388.9 -70.7 -1209 32229
32232 4 0 -388.9 -70.7 -1209 32229
32234 3 0 -388.9 -70.7 -1209 32229
33737 12 0  -1237 -70.7 1197 33730
33738 12 1  -1237 -70.7 1197 33730
33739 12 1  -1237 -70.7 1197 33730
33739 12 1  -1237 -70.7 1197 33730
33740 12 2  -1237 -70.7 1197 33730
33742 18 0  -1237 -70.7 1197 33730
33743 18 1  -1237 -70.7 1197 33730
33749 8 0  -1237 -70.7 1197 33745
33750 8 1  -1237 -70.7 1197 33745
33751 8 1  -1237 -70.7 1197 33745
33752 8 2  -1237 -70.7 1197 33745
33754 4 0  -1237 -70.7 1197 33745
33755 4 1  -1237 -70.7 1197 33745
33756 4 1  -1237 -70.7 1197 33745
33762 18 0 -1237 -70.7 -6 33761
33763 18 1 -1237 -70.7 -6 33761
33764 18 2 -1237 -70.7 -6 33761
33766 4 0 -1237 -70.7 -6 33761
33767 4 1 -1237 -70.7 -6 33761
33768 4 1 -1237 -70.7 -6 33761
33770 8 0 -1237 -70.7 -6 33761
33771 8 1 -1237 -70.7 -6 33761
33772 8 1 -1237 -70.7 -6 33761
33777 12 0 -1237 -70.7 -6 33776
33777 12 1 -1237 -70.7 -6 33776
33777 12 1 -1237 -70.7 -6 33776
33777 12 2 -1237 -70.7 -6 33776
33783 18 0 -1237 -70.7 -1209 33782
33784 18 1 -1237 -70.7 -1209 33782
33785 18 2 -1237 -70.7 -1209 33782
33787 4 0 -1237 -70.7 -1209 33782
33788 4 1 -1237 -70.7 -1209 33782
33789 4 1 -1237 -70.7 -1209 33782
33793 8 0 -1237 -70.7 -1209 33782
33794 8 1 -1237 -70.7 -1209 33782
33795 8 1 -1237 -70.7 -1209 33782
33803 12 0 -1237 -70.7 -1209 33800
33805 12 1 -1237 -70.7 -1209 33800
33806 12 1 -1237 -70.7 -1209 33800
33807 12 1 -1237 -70.7 -1209 33800
33812 18 0 -388.9 -70.7 1197 33810
33813 18 1 -388.9 -70.7 1197 33810
33814 18 1 -388.9 -70.7 1197 33810
33815 18 2 -388.9 -70.7 1197 33810
33817 4 0 -388.9 -70.7 1197 33810
33818 4 1 -388.9 -70.7 1197 33810
33819 4 1 -388.9 -70.7 1197 33810
33821 3 0 -388.9 -70.7 1197 33810
33822 3 1 -388.9 -70.7 1197 33810
33823 3 1 -388.9 -70.7 1197 33810
33825 12 0 -388.9 -70.7 1197 33810
33826 12 1 -388.9 -70.7 1197 33810
33827 12 1 -388.9 -70.7 1197 33810
33831 8 0 -388.9 -70.7 1197 33829
33832 8 1 -388.9 -70.7 1197 33829
33833 8 1 -388.9 -70.7 1197 33829
33834 8 2 -388.9 -70.7 1197 33829
33839 12 0 -388.9 -70.7 -6 33837
33841 12 1 -388.9 -70.7 -6 33837
33842 12 1 -388.9 -70.7 -6 33837
33843 12 1 -388.9 -70.7 -6 33837
33845 8 0 -388.9 -70.7 -6 33837
33846 8 1 -388.9 -70.7 -6 33837
33847 8 1 -388.9 -70.7 -6 33837
33851 3 0 -388.9 -70.7 -6 33837
33852 3 1 -388.9 -70.7 -6 33837
33853 3 1 -388.9 -70.7 -6 33837
33858 18 0 -388.9 -70.7 -6 33856
33859 18 1 -388.9 -70.7 -6 33856
33860 18 2 -388.9 -70.7 -6 33856
33862 4 0 -388.9 -70.7 -6 33856
33863 4 1 -388.9 -70.7 -6 33856
33864 4 1 -388.9 -70.7 -6 33856
33866 10 0 -388.9 -70.7 -6 33856
33867 10 1 -388.9 -70.7 -6 33856
33871 12 0 -388.9 -70.7 -1209 33869
33872 12 1 -388.9 -70.7 -1209 33869
33873 12 1 -388.9 -70.7 -1209 33869
33874 12 2 -388.9 -70.7 -1209 33869
33877 8 0 -388.9 -70.7 -1209 33869
33878 8 1 -388.9 -70.7 -1209 33869
33879 8 1 -388.9 -70.7 -1209 33869
33881 4 0 -388.9 -70.7 -1209 33869
33882 4 1 -388.9 -70.7 -1209 33869
33883 4 1 -388.9 -70.7 -1209 33869
33885 18 0 -388.9 -70.7 -1209 33869
33886 18 1 -388.9 -70.7 -1209 33869
33887 18 1 -388.9 -70.7 -1209 33869
33891 15 0 -388.9 -70.7 -1209 33889
33892 15 1 -388.9 -70.7 -1209 33889
33893 15 1 -388.9 -70.7 -1209 33889
33894 15 2 -388.9 -70.7 -1209 33889
33896 10 0 -388.9 -70.7 -1209 33889
33897 10 1 -388.9 -70.7 -1209 33889
33898 10 1 -388.9 -70.7 -1209 33889
63226 8 0 -1237 -70.7 -6 63216
63227 8 1 -1237 -70.7 -6 63216
63232 12 0 -1237 -70.7 -6 63229
63233 12 1 -1237 -70.7 -6 63229
63235 4 0 -1237 -70.7 -6 63229
63236 4 1 -1237 -70.7 -6 63229
63240 18 0 -1237 -70.7 -6 63238
63241 18 1 -1237 -70.7 -6 63238
64951 12 0 -1237 -70.7 1197 64942
64953 12 1 -1237 -70.7 1197 64942
64955 18 0 -1237 -70.7 1197 64942
64956 18 1 -1237 -70.7 1197 64942
64970 3 0 -1237 -70.7 1197 64942
64971 3 1 -1237 -70.7 1197 64942
64975 8 0 -1237 -70.7 1197 64973
64976 8 1 -1237 -70.7 1197 64973
64980 12 0 -1237 -70.7 -6 64978
64981 12 1 -1237 -70.7 -6 64978
64988 18 0 -1237 -70.7 -6 64978
64989 18 1 -1237 -70.7 -6 64978
64991 8 0 -1237 -70.7 -6 64978
64992 8 1 -1237 -70.7 -6 64978
64997 4 0 -1237 -70.7 -6 64994
64998 4 1 -1237 -70.7 -6 64994
65002 12 0 -1237 -70.7 -1209 65000
65005 12 1 -1237 -70.7 -1209 65000
65008 18 0 -1237 -70.7 -1209 65000
65009 18 1 -1237 -70.7 -1209 65000
65011 8 0 -1237 -70.7 -1209 65000
65012 8 1 -1237 -70.7 -1209 65000
65014 3 0 -1237 -70.7 -1209 65000
65016 3 1 -1237 -70.7 -1209 65000
65021 12 0 -388.9 -70.7 1197 65019
65022 12 1 -388.9 -70.7 1197 65019
65025 18 0 -388.9 -70.7 1197 65019
65026 18 1 -388.9 -70.7 1197 65019
65028 3 0 -388.9 -70.7 1197 65019
65029 3 1 -388.9 -70.7 1197 65019
65031 8 0 -388.9 -70.7 1197 65019
65032 8 1 -388.9 -70.7 1197 65019
65036 4 0 -388.9 -70.7 1197 65034
65037 4 1 -388.9 -70.7 1197 65034
65042 12 0 -388.9 -70.7 -6 65039
65044 12 0 -388.9 -70.7 -6 65039
65045 12 1 -388.9 -70.7 -6 65039
65047 3 0 -388.9 -70.7 -6 65039
65048 3 1 -388.9 -70.7 -6 65039
65050 18 0 -388.9 -70.7 -6 65039
65051 18 1 -388.9 -70.7 -6 65039
65053 8 0 -388.9 -70.7 -6 65039
65054 8 1 -388.9 -70.7 -6 65039
65056 4 0 -388.9 -70.7 -6 65039
65057 4 1 -388.9 -70.7 -6 65039
65062 18 0 -388.9 -70.7 -1209 65060
65063 18 1 -388.9 -70.7 -1209 65060
65067 18 0 -388.9 -70.7 -1209 65065
65068 18 1 -388.9 -70.7 -1209 65065
65070 3 0 -388.9 -70.7 -1209 65065
65071 3 1 -388.9 -70.7 -1209 65065
65073 8 0 -388.9 -70.7 -1209 65065
65074 8 1 -388.9 -70.7 -1209 65065
65076 4 0 -388.9 -70.7 -1209 65065
65077 4 1 -388.9 -70.7 -1209 65065
65079 12 0 -388.9 -70.7 -1209 65065
65080 12 1 -388.9 -70.7 -1209 65065
65085 18 0 -1237 -70.7 1197 65083
65086 18 1 -1237 -70.7 1197 65083
65088 12 0 -1237 -70.7 1197 65083
65089 12 1 -1237 -70.7 1197 65083
65091 8 0 -1237 -70.7 1197 65083
65092 8 1 -1237 -70.7 1197 65083
65094 4 0 -1237 -70.7 1197 65083
65095 4 1 -1237 -70.7 1197 65083
65097 3 0 -1237 -70.7 1197 65083
65098 3 1 -1237 -70.7 1197 65083
67183 12 0 -1237 -70.7 1197 67180
67184 12 1 -1237 -70.7 1197 67180
67186 6 0 -1237 -70.7 1197 67180 
67188 6 1 -1237 -70.7 1197 67180
67192 12 0 -1237 -70.7 -6 67190
67193 12 1 -1237 -70.7 -6 67190
67196 6 0 -1237 -70.7 -6 67190
67198 6 1 -1237 -70.7 -6 67190
67208 12 0 -1237 -70.7 -1209 67202
67210 12 1 -1237 -70.7 -1209 67202
67212 6 0 -1237 -70.7 -1209 67202
67213 6 1 -1237 -70.7 -1209 67202
67217 12 0 -388.9 -70.7 1197 67215
67218 12 1 -388.9 -70.7 1197 67215
67236 6 0 -388.9 -70.7 1197 67215
67237 6 1 -388.9 -70.7 1197 67215
67244 12 0 -388.9 -70.7 -6 67242
67245 12 1 -388.9 -70.7 -6 67242
67248 6 0 -388.9 -70.7 -6 67242
67249 6 1 -388.9 -70.7 -6 67242
67252 18 0 -388.9 -70.7 -6 67242
67253 18 1 -388.9 -70.7 -6 67242
67259 12 0 -388.9 -70.7 -1209 67256
67260 12 1 -388.9 -70.7 -1209 67256
67262 6 0 -388.9 -70.7 -1209 67256
67263 6 1 -388.9 -70.7 -1209 67256
69901 12 0 -1237 -70.7 1197 69893
69902 12 1 -1237 -70.7 1197 69893
69904 8 0 -1237 -70.7 1197 69893
69905 8 1 -1237 -70.7 1197 69893
69907 6 0 -1237 -70.7 1197 69893
69908 6 1 -1237 -70.7 1197 69893
69910 18 0 -1237 -70.7 1197 69893
69911 18 1 -1237 -70.7 1197 69893
69918 4 0 -1237 -70.7 1197 69915
69919 4 1 -1237 -70.7 1197 69915
69923 3 0 -1237 -70.7 1197 69915
69924 3 1 -1237 -70.7 1197 69915
69930 12 0 -1237 -70.7 -6 69928
69931 12 1 -1237 -70.7 -6 69928
69933 8 0 -1237 -70.7 -6 69928
69934 8 1 -1237 -70.7 -6 69928
69936 6 0 -1237 -70.7 -6 69928
69937 6 1 -1237 -70.7 -6 69928
69939 3 0 -1237 -70.7 -6 69928
69940 3 1 -1237 -70.7 -6 69928
69948 4 0 -1237 -70.7 -6 69928
69949 4 0 -1237 -70.7 -6 69928
69953 4 0 -1237 -70.7 -6 69928
69954 4 1 -1237 -70.7 -6 69928
69958 18 0 -1237 -70.7 -6 69956
69959 18 1 -1237 -70.7 -6 69956
69970 12 0 -1237 -70.7 -1209 69968
69971 12 1 -1237 -70.7 -1209 69968
69978 8 0 -1237 -70.7 -1209 69968
69979 8 1 -1237 -70.7 -1209 69968
69981 6 0 -1237 -70.7 -1209 69968
69982 6 1 -1237 -70.7 -1209 69968
69984 3 0 -1237 -70.7 -1209 69968
69985 3 1 -1237 -70.7 -1209 69968
69987 4 0 -1237 -70.7 -1209 69968
69988 4 1 -1237 -70.7 -1209 69968
69992 18 0 -1237 -70.7 -1209 69990
69993 18 1 -1237 -70.7 -1209 69990
70014 12 0 -388.9 -70.7 1197 70012
70016 12 1 -388.9 -70.7 1197 70012
70020 8 1 -388.9 -70.7 1197 70012
70021 8 0 -388.9 -70.7 1197 70012
70028 3 0 -388.9 -70.7 1197 70012
70029 3 1 -388.9 -70.7 1197 70012
70031 6 0 -388.9 -70.7 1197 70012
70032 6 1 -388.9 -70.7 1197 70012
70034 4 0 -388.9 -70.7 1197 70012
70035 4 1 -388.9 -70.7 1197 70012
70039 18 0 -388.9 -70.7 1197 70037
70040 18 1 -388.9 -70.7 1197 70037
70044 12 0 -388.9 -70.7 -6 70042
70045 12 1 -388.9 -70.7 -6 70042
70047 3 0 -388.9 -70.7 -6 70042
70048 3 1 -388.9 -70.7 -6 70042
70050 4 0 -388.9 -70.7 -6 70042
70051 4 1 -388.9 -70.7 -6 70042
70053 8 0 -388.9 -70.7 -6 70042
70054 8 1 -388.9 -70.7 -6 70042
70056 6 0 -388.9 -70.7 -6 70042
70057 6 1 -388.9 -70.7 -6 70042
70061 18 0 -388.9 -70.7 -6 70059
70062 18 1 -388.9 -70.7 -6 70059
70067 12 0 -388.9 -70.7 -1209 70065
70068 12 1 -388.9 -70.7 -1209 70065
70070 3 0 -388.9 -70.7 -1209 70065
70071 3 1 -388.9 -70.7 -1209 70065
70075 4 0 -388.9 -70.7 -1209 70065
70076 4 1 -388.9 -70.7 -1209 70065
70078 8 0 -388.9 -70.7 -1209 70065
70079 8 1 -388.9 -70.7 -1209 70065
70081 6 0 -388.9 -70.7 -1209 70065
70082 6 1 -388.9 -70.7 -1209 70065
70087 18 0 -388.9 -70.7 -1209 70084
70088 18 1 -388.9 -70.7 -1209 70084
74788 18 0 -1237.25 -70.7 1197 74781
74793 18 1 -1237.25 -70.7 1197 74781
74797 12 0 -1237.25 -70.7 1197 74795
74798 12 1 -1237.25 -70.7 1197 74795
74802 8 0 -1237.25 -70.7 1197 74795
74803 8 1 -1237.25 -70.7 1197 74795
74806 5 0 -1237.25 -70.7 1197 74795
74807 5 1 -1237.25 -70.7 1197 74795
74809 3 0 -1237.25 -70.7 1197 74795
74810 3 1 -1237.25 -70.7 1197 74795
74819 15 0 -1237.25 -70.7 1197 74813
74820 15 1 -1237.25 -70.7 1197 74813
74824 10 0 -1237.25 -70.7 1197 74813
74825 10 1 -1237.25 -70.7 1197 74813
74827 4 0 -1237.25 -70.7 1197 74813
74828 4 1 -1237.25 -70.7 1197 74813
74836 18 0 -1237.25 -70.7 -6 74833
74840 18 1 -1237.25 -70.7 -6 74833
74844 12 0 -1237.25 -70.7 -6 74842
74845 12 1 -1237.25 -70.7 -6 74842
74847 8 0 -1237.25 -70.7 -6 74842
74848 8 1 -1237.25 -70.7 -6 74842
74856 5 0 -1237.25 -70.7 -6 74851
74857 5 1 -1237.25 -70.7 -6 74851
74859 3 0 -1237.25 -70.7 -6 74851
74860 3 1 -1237.25 -70.7 -6 74851
74865 18 0 -1237.25 -70.7 -1209 74863
74866 18 1 -1237.25 -70.7 -1209 74863
74868 12 0 -1237.25 -70.7 -1209 74863
74869 12 1 -1237.25 -70.7 -1209 74863
74871 8 0 -1237.25 -70.7 -1209 74863
74872 8 1 -1237.25 -70.7 -1209 74863
74874 5 0 -1237.25 -70.7 -1209 74863
74875 5 1 -1237.25 -70.7 -1209 74863
74877 4 0 -1237.25 -70.7 -1209 74863
74878 4 1 -1237.25 -70.7 -1209 74863
74882 3 0 -1237.25 -70.7 -1209 74880
74883 3 1 -1237.25 -70.7 -1209 74880
74885 15 0 -1237.25 -70.7 -1209 74880
74886 15 1 -1237.25 -70.7 -1209 74880
74893 18 0 -813.05 -70.7 1197 74891
74894 18 1 -813.05 -70.7 1197 74891
74896 12 0 -813.05 -70.7 1197 74891
74897 12 1 -813.05 -70.7 1197 74891
74899 8 0 -813.05 -70.7 1197 74891
74900 8 1 -813.05 -70.7 1197 74891
74904 5 0 -813.05 -70.7 1197 74902
74905 5 1 -813.05 -70.7 1197 74902
74909 3 0 -813.05 -70.7 1197 74907
74910 3 1 -813.05 -70.7 1197 74907
74912 15 0 -813.05 -70.7 1197 74907
74913 15 1 -813.05 -70.7 1197 74907
74930 18 0 -813.05 -70.7 -6 74928
74931 18 1 -813.05 -70.7 -6 74928
74933 12 0 -813.05 -70.7 -6 74928
74934 12 1 -813.05 -70.7 -6 74928
74936 8 0 -813.05 -70.7 -6 74928
74937 8 1 -813.05 -70.7 -6 74928
74939 5 0 -813.05 -70.7 -6 74928
74940 5 1 -813.05 -70.7 -6 74928
74942 3 0 -813.05 -70.7 -6 74928
74944 3 1 -813.05 -70.7 -6 74928
74949 15 0 -813.05 -70.7 -6 74947
74950 15 1 -813.05 -70.7 -6 74947
74956 18 0 -813.05 -70.7 -1209 74954
74957 18 1 -813.05 -70.7 -1209 74954
74959 12 0 -813.05 -70.7 -1209 74954
74960 12 1 -813.05 -70.7 -1209 74954
74962 8 0 -813.05 -70.7 -1209 74954
74963 8 1 -813.05 -70.7 -1209 74954
74965 5 0 -813.05 -70.7 -1209 74954
74966 5 1 -813.05 -70.7 -1209 74954
74970 3 0 -813.05 -70.7 -1209 74954
74971 3 1 -813.05 -70.7 -1209 74954
75083 12 0 -388.85 -70.7 1197 75081
75084 12 1 -388.85 -70.7 1197 75081
75087 8 0 -388.85 -70.7 1197 75081
75088 8 1 -388.85 -70.7 1197 75081
75090 5 0 -388.85 -70.7 1197 75081
75091 5 0 -388.85 -70.7 1197 75081
75093 5 0 -388.85 -70.7 1197 75081
75094 5 1 -388.85 -70.7 1197 75081
75099 18 0 -388.85 -70.7 1197 75097
75101 18 0 -388.85 -70.7 1197 75097
75102 18 1 -388.85 -70.7 1197 75097
75107 12 0 -388.85 -70.7 -6 75105
75109 12 0 -388.85 -70.7 -6 75105
75110 12 1 -388.85 -70.7 -6 75105
75119 8 0 -388.85 -70.7 -6 75117
75121 8 0 -388.85 -70.7 -6 75117
75122 8 1 -388.85 -70.7 -6 75117
75124 5 0 -388.85 -70.7 -6 75117
75125 5 1 -388.85 -70.7 -6 75117
75127 18 0 -388.85 -70.7 -6 75117
75128 18 1 -388.85 -70.7 -6 75117
75135 12 0 -388.85 -70.7 -1209 75131
75136 12 1 -388.85 -70.7 -1209 75131
75138 8 0 -388.85 -70.7 -1209 75131
75139 8 1 -388.85 -70.7 -1209 75131
75141 5 0 -388.85 -70.7 -1209 75131
75142 5 1 -388.85 -70.7 -1209 75131
75144 18 0 -388.85 -70.7 -1209 75131
75145 18 1 -388.85 -70.7 -1209 75131
75150 15 0 -388.85 -70.7 -1209 75147
75151 15 1 -388.85 -70.7 -1209 75147
75163 12 0 -1237.25 -70.7 1197 75161
75164 12 1 -1237.25 -70.7 1197 75161
75166 8 0 -1237.25 -70.7 1197 75161
75167 8 1 -1237.25 -70.7 1197 75161
75169 5 0 -1237.25 -70.7 1197 75161
75170 5 1 -1237.25 -70.7 1197 75161
75172 18 0 -1237.25 -70.7 1197 75161
75173 18 1 -1237.25 -70.7 1197 75161
75175 15 0 -1237.25 -70.7 1197 75161
75176 15 1 -1237.25 -70.7 1197 75161
76344 18 0 -1237.25 -70.7 1197 76342
76345 18 1 -1237.25 -70.7 1197 76342
76347 8 0 -1237.25 -70.7 1197 76342
76348 8 1 -1237.25 -70.7 1197 76342
76350 12 0 -1237.25 -70.7 1197 76342
76351 12 1 -1237.25 -70.7 1197 76342
76355 5 0 -1237.25 -70.7 1197 76353
76356 5 1 -1237.25 -70.7 1197 76353
76358 51 0 -1237.25 -70.7 1197 76353
76359 51 1 -1237.25 -70.7 1197 76353
76361 15 0 -1237.25 -70.7 1197 76353
76362 15 1 -1237.25 -70.7 1197 76353
76367 8 0 -1237.25 -70.7 -6 76364
76368 8 1 -1237.25 -70.7 -6 76364
76370 12 0 -1237.25 -70.7 -6 76364
76371 12 1 -1237.25 -70.7 -6 76364
76373 18 0 -1237.25 -70.7 -6 76364
76374 18 1 -1237.25 -70.7 -6 76364
76378 15 0 -1237.25 -70.7 -6 76376
76379 15 1 -1237.25 -70.7 -6 76376
76381 52 0 -1237.25 -70.7 -6 76376
76382 52 1 -1237.25 -70.7 -6 76376
76390 15 0 -1237.25 -70.7 -1209 76387
76391 15 1 -1237.25 -70.7 -1209 76387
76393 8 0 -1237.25 -70.7 -1209 76387
76394 8 1 -1237.25 -70.7 -1209 76387
76396 53 0 -1237.25 -70.7 -1209 76387
76397 53 1 -1237.25 -70.7 -1209 76387
76399 12 0 -1237.25 -70.7 -1209 76387
76400 12 1 -1237.25 -70.7 -1209 76387
76405 18 0 -1237.25 -70.7 -1209 76403
76406 18 1 -1237.25 -70.7 -1209 76403
76408 6 0 -1237.25 -70.7 -1209 76403
76409 6 1 -1237.25 -70.7 -1209 76403
76422 15 0 -388.85 -70.7 1197 76420
76427 15 1 -388.85 -70.7 1197 76420
76430 8 0 -388.85 -70.7 1197 76420
76432 8 1 -388.85 -70.7 1197 76420
76435 12 0 -388.85 -70.7 1197 76420
76437 12 1 -388.85 -70.7 1197 76420
76439 18 0 -388.85 -70.7 1197 76420
76440 18 1 -388.85 -70.7 1197 76420
76444 51 0 -388.85 -70.7 1197 76442
76445 51 1 -388.85 -70.7 1197 76442
76447 6 0 -388.85 -70.7 1197 76442
76448 6 1 -388.85 -70.7 1197 76442
76453 15 0 -388.85 -70.7 -6 76451
76454 15 1 -388.85 -70.7 -6 76451
76456 18 0 -388.85 -70.7 -6 76451
76457 18 1 -388.85 -70.7 -6 76451
76459 6 0 -388.85 -70.7 -6 76451
76462 6 1 -388.85 -70.7 -6 76451
76471 8 0 -388.85 -70.7 -6 76464
76472 8 1 -388.85 -70.7 -6 76464
76474 12 0 -388.85 -70.7 -6 76464
76475 12 1 -388.85 -70.7 -6 76464
76483 15 0 -388.85 -70.7 -1209 76481
76485 15 1 -388.85 -70.7 -1209 76481
76501 8 0 -388.85 -70.7 -1209 76481
76502 8	1 -388.85 -70.7 -1209 76481
76504 12 0 -388.85 -70.7 -1209 76481
76505 12 1 -388.85 -70.7 -1209 76481
76507 18 0 -388.85 -70.7 -1209 76481
76508 18 1 -388.85 -70.7 -1209 76481
76519 5 0 -388.85 -70.7 -1209 76510
76520 5 1 -388.85 -70.7 -1209 76510
76527 15 0 -813.05 -70.7 1197 76524
76528 15 1 -813.05 -70.7 1197 76524
76530 8 0 -813.05 -70.7 1197 76524
76531 8 1 -813.05 -70.7 1197 76524
76533 12 0 -813.05 -70.7 1197 76524
76534 12 1 -813.05 -70.7 1197 76524
76538 18 0 -813.05 -70.7 1197 76524
76539 18 1 -813.05 -70.7 1197 76524
76541 6 0 -813.05 -70.7 1197 76524
76542 6 1 -813.05 -70.7 1197 76524
76546 51 0 -813.05 -70.7 1197 76544
76547 51 1 -813.05 -70.7 1197 76544
76554 15 0 -813.05 -70.7 -6 76552
76555 15 1 -813.05 -70.7 -6 76552
76557 8 0 -813.05 -70.7 -6 76552
76559 8 1 -813.05 -70.7 -6 76552
76561 12 0 -813.05 -70.7 -6 76552
76562 12 1 -813.05 -70.7 -6 76552
76564 18 0 -813.05 -70.7 -6 76552
76565 18 1 -813.05 -70.7 -6 76552
76569 5 0 -813.05 -70.7 -6 76567
76570 5 1 -813.05 -70.7 -6 76567
76577 15 0 -813.05 -70.7 -1209 76573
76578 15 1 -813.05 -70.7 -1209 76573
76581 12 0 -813.05 -70.7 -1209 76573
76582 12 1 -813.05 -70.7 -1209 76573
76584 8 0 -813.05 -70.7 -1209 76573
76585 8 1 -813.05 -70.7 -1209 76573
76588 18 0 -813.05 -70.7 -1209 76573
76589 18 1 -813.05 -70.7 -1209 76573
76591 6 0 -813.05 -70.7 -1209 76573
76592 6 1 -813.05 -70.7 -1209 76573
76596 5 0 -813.05 -70.7 -1209 76594
76597 5 1 -813.05 -70.7 -1209 76594
81588 18 0 -1237 -70.7 1197 81586
81610 18 1 -1237 -70.7 1197 81586
81613 12 0 -1237 -70.7 1197 81586
81614 12 1 -1237 -70.7 1197 81586
81616 8 0 -1237 -70.7 1197 81586
81618 8 1 -1237 -70.7 1197 81586
81623 5 0 -1237 -70.7 1197 81621
81624 5 1 -1237 -70.7 1197 81621
81626 15 0 -1237 -70.7 1197 81621
81627 15 1 -1237 -70.7 1197 81621
81633 18 0 -1237 -70.7 -6 81630 
81634 18 1 -1237 -70.7 -6 81630 
81636 12 0 -1237 -70.7 -6 81630
81637 12 1 -1237 -70.7 -6 81630
81640 8 0 -1237 -70.7 -6 81630
81641 8 1 -1237 -70.7 -6 81630
81643 15 0 -1237 -70.7 -6 81630
81644 15 1 -1237 -70.7 -6 81630
81652 5 0 -1237 -70.7 -6 81646
81653 5 1 -1237 -70.7 -6 81646
81664 18 0 -1237 -70.7 -1209 81661
81665 18 1 -1237 -70.7 -1209 81661
81668 12 0 -1237 -70.7 -1209 81661
81669 12 1 -1237 -70.7 -1209 81661
81674 5 0 -1237 -70.7 -1209 81661
81676 5 1 -1237 -70.7 -1209 81661
81679 8 0 -1237 -70.7 -1209 81661
81680 8 1 -1237 -70.7 -1209 81661
81684 15 0 -1237 -70.7 -1209 81682
81685 15 1 -1237 -70.7 -1209 81682
81688 6 0 -1237 -70.7 -1209 81682
81689 6 1 -1237 -70.7 -1209 81682
81695 18 0 -388.85 -70.7 1197 81693
81696 18 1 -388.85 -70.7 1197 81693
81698 12 0 -388.85 -70.7 1197 81693
81699 12 1 -388.85 -70.7 1197 81693
81701 5 0 -388.85 -70.7 1197 81693
81702 5 1 -388.85 -70.7 1197 81693
81704 8 0 -388.85 -70.7 1197 81693
81705 8 1 -388.85 -70.7 1197 81693
81716 18 0 -388.85 -70.7 -6 81714
81717 18 1 -388.85 -70.7 -6 81714
81719 12 0 -388.85 -70.7 -6 81714
81720 12 1 -388.85 -70.7 -6 81714
81722 8 0 -388.85 -70.7 -6 81714
81723 8 1 -388.85 -70.7 -6 81714
81725 15 0 -388.85 -70.7 -6 81714
81726 15 1 -388.85 -70.7 -6 81714
81730 5 0 -388.85 -70.7 -6 81728
81731 5 1 -388.85 -70.7 -6 81728
81733 6 0 -388.85 -70.7 -6 81728
81734 6 1 -388.85 -70.7 -6 81728
81742 18 0 -388.85 -70.7 -1209 81737
81744 18 1 -388.85 -70.7 -1209 81737
81746 12 0 -388.85 -70.7 -1209 81737
81747 12 1 -388.85 -70.7 -1209 81737
81749 8 0 -388.85 -70.7 -1209 81737
81750 8 1 -388.85 -70.7 -1209 81737
81760 6 0 -388.85 -70.7 -1209 81752
81761 6 1 -388.85 -70.7 -1209 81752
81764 15 0 -388.85 -70.7 -1209 81752
81765 15 1 -388.85 -70.7 -1209 81752
81780 15 0 -813.05 -70.7 1197 81778
81781 15 1 -813.05 -70.7 1197 81778
81783 12 0 -813.05 -70.7 1197 81778
81785 12 1 -813.05 -70.7 1197 81778
81789 8 0 -813.05 -70.7 1197 81778
81790 8 1 -813.05 -70.7 1197 81778
81794 5 0 -813.05 -70.7 1197 81792
81795 5 1 -813.05 -70.7 1197 81792
81797 6 0 -813.05 -70.7 1197 81792
81799 6 1 -813.05 -70.7 1197 81792
81801 18 0 -813.05 -70.7 1197 81792
81802 18 1 -813.05 -70.7 1197 81792
81807 18 0 -813.05 -70.7 -6 81805
81808 18 1 -813.05 -70.7 -6 81805
81810 12 0 -813.05 -70.7 -6 81805
81811 12 1 -813.05 -70.7 -6 81805
81813 6 0 -813.05 -70.7 -6 81805
81814 6 1 -813.05 -70.7 -6 81805
81816 5 0 -813.05 -70.7 -6 81805
81817 5 1 -813.05 -70.7 -6 81805
81819 8 0 -813.05 -70.7 -6 81805
81820 8 1 -813.05 -70.7 -6 81805
81822 15 0 -813.05 -70.7 -6 81805
81823 15 1 -813.05 -70.7 -6 81805
81830 15 0 -813.05 -70.7 -1209 81828
81831 15 1 -813.05 -70.7 -1209 81828
81837 12 0 -813.05 -70.7 -1209 81835
81838 12 1 -813.05 -70.7 -1209 81835
81840 8 0 -813.05 -70.7 -1209 81835
81841 8 1 -813.05 -70.7 -1209 81835
81843 6 0 -813.05 -70.7 -1209 81835
81844 6 1 -813.05 -70.7 -1209 81835
86119 8 0 -1237 -70.7 1197 86109
86120 8 1 -1237 -70.7 1197 86109
86126 12 0 -1237 -70.7 1197 86124
86127 12 1 -1237 -70.7 1197 86124
86129 15 0 -1237 -70.7 1197 86124
86130 15 1 -1237 -70.7 1197 86124
86135 8 0 -1237 -70.7 -6 86133
86136 8 1 -1237 -70.7 -6 86133
86138 12 0 -1237 -70.7 -6 86133
86139 12 1 -1237 -70.7 -6 86133
86142 15 0 -1237 -70.7 -6 86133
86143 15 1 -1237 -70.7 -6 86133
86145 6 0 -1237 -70.7 -6 86133
86146 6 1 -1237 -70.7 -6 86133
86154 8 0 -1237 -70.7 -1209 86152
86155 8 1 -1237 -70.7 -1209 86152
86157 12 0 -1237 -70.7 -1209 86152
86158 12 1 -1237 -70.7 -1209 86152
86160 15 0 -1237 -70.7 -1209 86152
86161 15 1 -1237 -70.7 -1209 86152
91368 12 0 -1237 -70.7 1197 91364
91369 12 1 -1237 -70.7 1197 91364
91373 15 0 -1237 -70.7 1197 91364
91374 15 0 -1237 -70.7 1197 91364
91375 15 1 -1237 -70.7 1197 91364
91377 8 0 -1237 -70.7 1197 91364
91378 8 1 -1237 -70.7 1197 91364
91382 6 1 -1237 -70.7 1197 91364
91390 6 0 -1237 -70.7 1197 91388
91391 6 1 -1237 -70.7 1197 91388
91400 12 0 -1237 -70.7 -6 91394
91402 12 1 -1237 -70.7 -6 91394
91404 6 0 -1237 -70.7 -6 91394
91405 6 1 -1237 -70.7 -6 91394
91407 8 0 -1237 -70.7 -6 91394
91408 8 1 -1237 -70.7 -6 91394
91411 15 0 -1237 -70.7 -6 91394
91413 15 1 -1237 -70.7 -6 91394
91420 12 0 -1237 -70.7 -1209 91418
91422 12 1 -1237 -70.7 -1209 91418
91424 6 0 -1237 -70.7 -1209 91418
91425 6 1 -1237 -70.7 -1209 91418
91427 8 0 -1237 -70.7 -1209 91418
91428 8 1 -1237 -70.7 -1209 91418
91430 15 0 -1237 -70.7 -1209 91418
91432 15 0 -1237 -70.7 -1209 91418
91434 15 1 -1237 -70.7 -1209 91418
91442 12 0 -388.85 -70.7 1197 91439
91443 12 1 -388.85 -70.7 1197 91439
91446 6 0 -388.85 -70.7 1197 91439
91449 8 0 -388.85 -70.7 1197 91439
91450 8 1 -388.85 -70.7 1197 91439
91452 15 0 -388.85 -70.7 1197 91439
91454 15 0 -388.85 -70.7 1197 91439
91462 15 0 -388.85 -70.7 1197 91439
91463 15 1 -388.85 -70.7 1197 91439
91470 12 0 -388.85 -70.7 -6 91439
91471 12 1 -388.85 -70.7 -6 91439
91473 6 0 -388.85 -70.7 -6 91439
91474 6 1 -388.85 -70.7 -6 91439
91476 8 0 -388.85 -70.7 -6 91439
91477 8 1 -388.85 -70.7 -6 91439
91479 15 0 -388.85 -70.7 -6 91439
91480 15 1 -388.85 -70.7 -6 91439
91492 12 0 -388.85 -70.7 -1209 91490
91494 12 1 -388.85 -70.7 -1209 91490
91497 8 0 -388.85 -70.7 -1209 91490
91498 8 1 -388.85 -70.7 -1209 91490
91500 15 0 -388.85 -70.7 -1209 91490
91501 15 1 -388.85 -70.7 -1209 91490
91503 6 0 -388.85 -70.7 -1209 91490
91504 6 1 -388.85 -70.7 -1209 91490
91511 12 0 -813.05 -70.7 1197 91509
91512 12 1 -813.05 -70.7 1197 91509
91514 6 0 -813.05 -70.7 1197 91509
91515 6 1 -813.05 -70.7 1197 91509
91517 8 0 -813.05 -70.7 1197 91509
91518 8 1 -813.05 -70.7 1197 91509
91520 15 0 -813.05 -70.7 1197 91509
91521 15 1 -813.05 -70.7 1197 91509
91527 12 0 -813.05 -70.7 -6 91525
91528 12 1 -813.05 -70.7 -6 91525
91530 6 0 -813.05 -70.7 -6 91525
91531 6 1 -813.05 -70.7 -6 91525
91534 8 0 -813.05 -70.7 -6 91525
91535 8 1 -813.05 -70.7 -6 91525
91538 15 0 -813.05 -70.7 -6 91525
91539 15 1 -813.05 -70.7 -6 91525
91549 12 0 -813.05 -70.7 -1209 91546
91550 12 1 -813.05 -70.7 -1209 91546
91552 15 0 -813.05 -70.7 -1209 91546
91553 15 1 -813.05 -70.7 -1209 91546
91555 8 0 -813.05 -70.7 -1209 91546
91556 8 1 -813.05 -70.7 -1209 91546
91560 6 0 -813.05 -70.7 -1209 91546
91563 6 1 -813.05 -70.7 -1209 91546
